CHROM   BIN_START       SNP_COUNT       VARIANTS/KB
Z	73610000	231	23.1
Z	73620000	120	12
Z	73630000	276	27.6
Z	73640000	83	8.3
Z	73650000	44	4.4
Z	73660000	78	7.8
Z	73670000	30	3
Z	73680000	36	3.6
Z	73690000	144	14.4
Z	73700000	79	7.9
Z	73710000	409	40.9
Z	73720000	113	11.3
Z	73730000	341	34.1
Z	73740000	716	71.6
Z	73750000	889	88.9
Z	73760000	845	84.5
Z	73770000	786	78.6
Z	73780000	895	89.5
Z	73790000	701	70.1
Z	73800000	846	84.6
Z	73810000	822	82.2
Z	73820000	728	72.8
Z	73830000	781	78.1
Z	73840000	863	86.3
Z	73850000	930	93
Z	73860000	859	85.9
Z	73870000	731	73.1
Z	73880000	751	75.1
Z	73890000	834	83.4
Z	73900000	778	77.8
Z	73910000	923	92.3
Z	73920000	827	82.7
Z	73930000	810	81
Z	73940000	905	90.5
Z	73950000	872	87.2
Z	73960000	778	77.8
Z	73970000	853	85.3
Z	73980000	589	58.9
Z	73990000	807	80.7
Z	74000000	714	71.4
Z	74010000	785	78.5
Z	74020000	994	99.4
Z	74030000	727	72.7
Z	74040000	613	61.3
Z	74050000	904	90.4
Z	74060000	966	96.6
Z	74070000	693	69.3
Z	74080000	885	88.5
Z	74090000	586	58.6
Z	74100000	654	65.4
Z	74110000	818	81.8
Z	74120000	695	69.5
Z	74130000	405	40.5
Z	74140000	710	71
Z	74150000	874	87.4
Z	74160000	861	86.1
Z	74170000	745	74.5
Z	74180000	813	81.3
Z	74190000	662	66.2
Z	74200000	534	53.4
Z	74210000	746	74.6
Z	74220000	790	79
Z	74230000	900	90
Z	74240000	653	65.3
Z	74250000	975	97.5
Z	74260000	746	74.6
Z	74270000	898	89.8
Z	74280000	811	81.1
Z	74290000	905	90.5
Z	74300000	873	87.3
Z	74310000	785	78.5
Z	74320000	968	96.8
Z	74330000	778	77.8
Z	74340000	707	70.7
Z	74350000	957	95.7
Z	74360000	952	95.2
Z	74370000	913	91.3
Z	74380000	748	74.8
Z	74390000	328	32.8
Z	74400000	732	73.2
Z	74410000	759	75.9
Z	74420000	895	89.5
Z	74430000	977	97.7
Z	74440000	835	83.5
Z	74450000	971	97.1
Z	74460000	941	94.1
Z	74470000	629	62.9
Z	74480000	739	73.9
Z	74490000	623	62.3
Z	74500000	730	73
Z	74510000	846	84.6
Z	74520000	1099	109.9
Z	74530000	943	94.3
Z	74540000	525	52.5
Z	74550000	862	86.2
Z	74560000	911	91.1
Z	74570000	863	86.3
Z	74580000	769	76.9
Z	74590000	154	15.4
Z	74600000	53	5.3
Z	74610000	576	57.6
Z	74620000	832	83.2
Z	74630000	845	84.5
Z	74640000	984	98.4
Z	74650000	834	83.4
Z	74660000	985	98.5
Z	74670000	632	63.2
Z	74680000	559	55.9
Z	74690000	729	72.9
Z	74700000	230	23
Z	74710000	907	90.7
Z	74720000	92	9.2
Z	74730000	0	0
Z	74740000	0	0
Z	74750000	0	0
Z	74760000	0	0
Z	74770000	352	35.2
Z	74780000	435	43.5
Z	74790000	830	83
Z	74800000	869	86.9
Z	74810000	850	85
Z	74820000	745	74.5
Z	74830000	880	88
Z	74840000	825	82.5
Z	74850000	879	87.9
Z	74860000	806	80.6
Z	74870000	822	82.2
Z	74880000	898	89.8
Z	74890000	730	73
Z	74900000	716	71.6
Z	74910000	830	83
Z	74920000	686	68.6
Z	74930000	889	88.9
Z	74940000	549	54.9
Z	74950000	920	92
Z	74960000	838	83.8
Z	74970000	849	84.9
Z	74980000	827	82.7
Z	74990000	702	70.2
Z	75000000	695	69.5
Z	75010000	830	83
Z	75020000	817	81.7
Z	75030000	712	71.2
Z	75040000	929	92.9
Z	75050000	905	90.5
Z	75060000	577	57.7
Z	75070000	788	78.8
Z	75080000	806	80.6
Z	75090000	925	92.5
Z	75100000	714	71.4
Z	75110000	875	87.5
Z	75120000	1009	100.9
Z	75130000	783	78.3
Z	75140000	867	86.7
Z	75150000	918	91.8
Z	75160000	853	85.3
Z	75170000	709	70.9
Z	75180000	833	83.3
Z	75190000	892	89.2
Z	75200000	1005	100.5
Z	75210000	1018	101.8
Z	75220000	700	70
Z	75230000	917	91.7
Z	75240000	864	86.4
Z	75250000	885	88.5
Z	75260000	760	76
Z	75270000	749	74.9
Z	75280000	934	93.4
Z	75290000	953	95.3
Z	75300000	903	90.3
Z	75310000	946	94.6
Z	75320000	859	85.9
Z	75330000	1067	106.7
Z	75340000	868	86.8
Z	75350000	715	71.5
Z	75360000	902	90.2
Z	75370000	832	83.2
Z	75380000	690	69
Z	75390000	871	87.1
Z	75400000	784	78.4
Z	75410000	673	67.3
Z	75420000	1061	106.1
Z	75430000	745	74.5
Z	75440000	766	76.6
Z	75450000	696	69.6
Z	75460000	734	73.4
Z	75470000	733	73.3
Z	75480000	730	73
Z	75490000	455	45.5
Z	75500000	752	75.2
Z	75510000	943	94.3
Z	75520000	948	94.8
Z	75530000	867	86.7
Z	75540000	703	70.3
Z	75550000	685	68.5
Z	75560000	580	58
Z	75570000	831	83.1
Z	75580000	358	35.8
Z	75590000	301	30.1
Z	75600000	703	70.3
Z	75610000	762	76.2
Z	75620000	841	84.1
Z	75630000	885	88.5
Z	75640000	652	65.2
Z	75650000	654	65.4
Z	75660000	890	89
Z	75670000	877	87.7
Z	75680000	856	85.6
Z	75690000	774	77.4
Z	75700000	337	33.7
Z	75710000	132	13.2
Z	75720000	221	22.1
Z	75730000	118	11.8
Z	75740000	153	15.3
Z	75750000	372	37.2
Z	75760000	416	41.6
Z	75770000	935	93.5
Z	75780000	752	75.2
Z	75790000	983	98.3
Z	75800000	716	71.6
Z	75810000	263	26.3
Z	75820000	783	78.3
Z	75830000	693	69.3
Z	75840000	685	68.5
Z	75850000	920	92
Z	75860000	843	84.3
Z	75870000	848	84.8
Z	75880000	872	87.2
Z	75890000	827	82.7
Z	75900000	754	75.4
Z	75910000	648	64.8
Z	75920000	727	72.7
Z	75930000	875	87.5
Z	75940000	780	78
Z	75950000	1021	102.1
Z	75960000	684	68.4
Z	75970000	857	85.7
Z	75980000	831	83.1
Z	75990000	921	92.1
Z	76000000	247	24.7
Z	76010000	967	96.7
Z	76020000	950	95
Z	76030000	816	81.6
Z	76040000	463	46.3
Z	76050000	931	93.1
Z	76060000	771	77.1
Z	76070000	644	64.4
Z	76080000	87	8.7
Z	76090000	117	11.7
Z	76100000	482	48.2
Z	76110000	861	86.1
Z	76120000	885	88.5
Z	76130000	781	78.1
Z	76140000	705	70.5
Z	76150000	865	86.5
Z	76160000	652	65.2
Z	76170000	809	80.9
Z	76180000	883	88.3
Z	76190000	806	80.6
Z	76200000	832	83.2
Z	76210000	731	73.1
Z	76220000	496	49.6
Z	76230000	903	90.3
Z	76240000	893	89.3
Z	76250000	850	85
Z	76260000	862	86.2
Z	76270000	898	89.8
Z	76280000	816	81.6
Z	76290000	982	98.2
Z	76300000	1013	101.3
Z	76310000	947	94.7
Z	76320000	868	86.8
Z	76330000	688	68.8
Z	76340000	749	74.9
Z	76350000	987	98.7
Z	76360000	936	93.6
Z	76370000	704	70.4
Z	76380000	912	91.2
Z	76390000	942	94.2
Z	76400000	745	74.5
Z	76410000	1003	100.3
Z	76420000	855	85.5
Z	76430000	865	86.5
Z	76440000	803	80.3
Z	76450000	801	80.1
Z	76460000	862	86.2
Z	76470000	689	68.9
Z	76480000	691	69.1
Z	76490000	872	87.2
Z	76500000	839	83.9
Z	76510000	958	95.8
Z	76520000	924	92.4
Z	76530000	803	80.3
Z	76540000	947	94.7
Z	76550000	808	80.8
Z	76560000	619	61.9
Z	76570000	587	58.7
Z	76580000	769	76.9
Z	76590000	867	86.7
Z	76600000	1070	107
Z	76610000	782	78.2
Z	76620000	639	63.9
Z	76630000	629	62.9
Z	76640000	411	41.1
Z	76650000	679	67.9
Z	76660000	765	76.5
Z	76670000	405	40.5
Z	76680000	873	87.3
Z	76690000	898	89.8
Z	76700000	938	93.8
Z	76710000	753	75.3
Z	76720000	901	90.1
Z	76730000	948	94.8
Z	76740000	910	91
Z	76750000	566	56.6
Z	76760000	810	81
Z	76770000	809	80.9
Z	76780000	582	58.2
Z	76790000	832	83.2
Z	76800000	842	84.2
Z	76810000	799	79.9
Z	76820000	885	88.5
Z	76830000	561	56.1
Z	76840000	703	70.3
Z	76850000	424	42.4
Z	76860000	918	91.8
Z	76870000	713	71.3
Z	76880000	455	45.5
Z	76890000	809	80.9
Z	76900000	951	95.1
Z	76910000	634	63.4
Z	76920000	585	58.5
Z	76930000	540	54
Z	76940000	686	68.6
Z	76950000	835	83.5
Z	76960000	976	97.6
Z	76970000	951	95.1
Z	76980000	917	91.7
Z	76990000	508	50.8
Z	77000000	427	42.7
Z	77010000	929	92.9
Z	77020000	293	29.3
Z	77030000	1	0.1
Z	77040000	0	0
Z	77050000	0	0
Z	77060000	0	0
Z	77070000	0	0
Z	77080000	837	83.7
Z	77090000	1014	101.4
Z	77100000	843	84.3
Z	77110000	896	89.6
Z	77120000	963	96.3
Z	77130000	1063	106.3
Z	77140000	875	87.5
Z	77150000	880	88
Z	77160000	898	89.8
Z	77170000	895	89.5
Z	77180000	1077	107.7
Z	77190000	678	67.8
Z	77200000	966	96.6
Z	77210000	851	85.1
Z	77220000	771	77.1
Z	77230000	869	86.9
Z	77240000	594	59.4
Z	77250000	851	85.1
Z	77260000	770	77
Z	77270000	845	84.5
Z	77280000	625	62.5
Z	77290000	730	73
Z	77300000	810	81
Z	77310000	374	37.4
Z	77320000	932	93.2
Z	77330000	832	83.2
Z	77340000	553	55.3
Z	77350000	904	90.4
Z	77360000	738	73.8
Z	77370000	842	84.2
Z	77380000	659	65.9
Z	77390000	733	73.3
Z	77400000	892	89.2
Z	77410000	850	85
Z	77420000	863	86.3
Z	77430000	741	74.1
Z	77440000	886	88.6
Z	77450000	757	75.7
Z	77460000	885	88.5
Z	77470000	738	73.8
Z	77480000	874	87.4
Z	77490000	783	78.3
Z	77500000	734	73.4
Z	77510000	977	97.7
Z	77520000	820	82
Z	77530000	710	71
Z	77540000	1048	104.8
Z	77550000	1010	101
Z	77560000	748	74.8
Z	77570000	817	81.7
Z	77580000	843	84.3
Z	77590000	748	74.8
Z	77600000	465	46.5
Z	77610000	878	87.8
Z	77620000	560	56
Z	77630000	842	84.2
Z	77640000	395	39.5
Z	77650000	652	65.2
Z	77660000	558	55.8
Z	77670000	1029	102.9
Z	77680000	515	51.5
Z	77690000	748	74.8
Z	77700000	669	66.9
Z	77710000	827	82.7
Z	77720000	798	79.8
Z	77730000	957	95.7
Z	77740000	769	76.9
Z	77750000	723	72.3
Z	77760000	715	71.5
Z	77770000	70	7
Z	77780000	51	5.1
Z	77790000	369	36.9
Z	77800000	636	63.6
Z	77810000	535	53.5
Z	77820000	662	66.2
Z	77830000	362	36.2
Z	77840000	470	47
Z	77850000	783	78.3
Z	77860000	483	48.3
Z	77870000	467	46.7
Z	77880000	211	21.1
Z	77890000	394	39.4
Z	77900000	666	66.6
Z	77910000	273	27.3
Z	77920000	606	60.6
Z	77930000	802	80.2
Z	77940000	792	79.2
Z	77950000	838	83.8
Z	77960000	692	69.2
Z	77970000	749	74.9
Z	77980000	827	82.7
Z	77990000	713	71.3
Z	78000000	802	80.2
Z	78010000	68	6.8
Z	78020000	0	0
Z	78030000	0	0
Z	78040000	0	0
Z	78050000	0	0
Z	78060000	407	40.7
Z	78070000	909	90.9
Z	78080000	565	56.5
Z	78090000	787	78.7
Z	78100000	844	84.4
Z	78110000	813	81.3
Z	78120000	808	80.8
Z	78130000	856	85.6
Z	78140000	793	79.3
Z	78150000	912	91.2
Z	78160000	765	76.5
Z	78170000	32	3.2
Z	78180000	20	2
Z	78190000	579	57.9
Z	78200000	894	89.4
Z	78210000	675	67.5
Z	78220000	693	69.3
Z	78230000	622	62.2
Z	78240000	826	82.6
Z	78250000	725	72.5
Z	78260000	890	89
Z	78270000	835	83.5
Z	78280000	941	94.1
Z	78290000	689	68.9
Z	78300000	853	85.3
Z	78310000	834	83.4
Z	78320000	547	54.7
Z	78330000	624	62.4
Z	78340000	830	83
Z	78350000	858	85.8
Z	78360000	843	84.3
Z	78370000	908	90.8
Z	78380000	921	92.1
Z	78390000	723	72.3
Z	78400000	598	59.8
Z	78410000	864	86.4
Z	78420000	846	84.6
Z	78430000	838	83.8
Z	78440000	646	64.6
Z	78450000	819	81.9
Z	78460000	879	87.9
Z	78470000	761	76.1
Z	78480000	622	62.2
Z	78490000	739	73.9
Z	78500000	802	80.2
Z	78510000	787	78.7
Z	78520000	438	43.8
Z	78530000	0	0
Z	78540000	228	22.8
Z	78550000	602	60.2
Z	78560000	626	62.6
Z	78570000	219	21.9
Z	78580000	51	5.1
Z	78590000	137	13.7
Z	78600000	864	86.4
Z	78610000	741	74.1
Z	78620000	892	89.2
Z	78630000	811	81.1
Z	78640000	447	44.7
Z	78650000	63	6.3
Z	78660000	2	0.2
Z	78670000	855	85.5
Z	78680000	1004	100.4
Z	78690000	730	73
Z	78700000	483	48.3
Z	78710000	552	55.2
Z	78720000	461	46.1
Z	78730000	499	49.9
