CHROM   BIN_START       SNP_COUNT       VARIANTS/KB
Z	80340000	855	85.5
Z	80350000	943	94.3
Z	80360000	875	87.5
Z	80370000	851	85.1
Z	80380000	142	14.2
Z	80390000	407	40.7
Z	80400000	969	96.9
Z	80410000	936	93.6
Z	80420000	814	81.4
Z	80430000	845	84.5
Z	80440000	1060	106
Z	80450000	863	86.3
Z	80460000	908	90.8
Z	80470000	730	73
Z	80480000	950	95
Z	80490000	1039	103.9
Z	80500000	807	80.7
Z	80510000	521	52.1
Z	80520000	648	64.8
Z	80530000	901	90.1
Z	80540000	706	70.6
Z	80550000	876	87.6
Z	80560000	752	75.2
Z	80570000	657	65.7
Z	80580000	799	79.9
Z	80590000	876	87.6
Z	80600000	979	97.9
Z	80610000	978	97.8
Z	80620000	952	95.2
Z	80630000	901	90.1
Z	80640000	831	83.1
Z	80650000	812	81.2
Z	80660000	859	85.9
Z	80670000	710	71
Z	80680000	901	90.1
Z	80690000	579	57.9
Z	80700000	855	85.5
Z	80710000	883	88.3
Z	80720000	907	90.7
Z	80730000	1032	103.2
Z	80740000	633	63.3
Z	80750000	821	82.1
Z	80760000	802	80.2
Z	80770000	930	93
Z	80780000	759	75.9
Z	80790000	783	78.3
Z	80800000	974	97.4
Z	80810000	667	66.7
Z	80820000	710	71
Z	80830000	887	88.7
Z	80840000	971	97.1
Z	80850000	904	90.4
Z	80860000	1022	102.2
Z	80870000	888	88.8
Z	80880000	984	98.4
Z	80890000	628	62.8
Z	80900000	776	77.6
Z	80910000	785	78.5
Z	80920000	584	58.4
Z	80930000	170	17
Z	80940000	313	31.3
Z	80950000	889	88.9
Z	80960000	842	84.2
Z	80970000	831	83.1
Z	80980000	726	72.6
Z	80990000	714	71.4
Z	81000000	802	80.2
Z	81010000	888	88.8
Z	81020000	403	40.3
Z	81030000	631	63.1
Z	81040000	852	85.2
Z	81050000	968	96.8
Z	81060000	780	78
Z	81070000	922	92.2
Z	81080000	713	71.3
Z	81090000	836	83.6
Z	81100000	875	87.5
Z	81110000	806	80.6
Z	81120000	888	88.8
Z	81130000	686	68.6
Z	81140000	514	51.4
Z	81150000	514	51.4
Z	81160000	506	50.6
Z	81170000	510	51
Z	81180000	501	50.1
Z	81190000	453	45.3
Z	81200000	492	49.2
Z	81210000	589	58.9
Z	81220000	544	54.4
Z	81230000	435	43.5
Z	81240000	474	47.4
Z	81250000	502	50.2
Z	81260000	504	50.4
Z	81270000	474	47.4
Z	81280000	488	48.8
Z	81290000	542	54.2
Z	81300000	472	47.2
Z	81310000	499	49.9
Z	81320000	544	54.4
Z	81330000	468	46.8
Z	81340000	497	49.7
Z	81350000	494	49.4
Z	81360000	500	50
Z	81370000	540	54
Z	81380000	507	50.7
Z	81390000	481	48.1
Z	81400000	513	51.3
