1 -4574182.712721
1 -4574182.712721
1 -4574182.712721
1 -4574182.712721
1 -4574182.712721
1 -4574182.712721
1 -4574182.712721
1 -4574182.712721
1 -4574182.712721
1 -4574182.712721
2 -3742848.600244
2 -3742848.571505
2 -3742848.536128
2 -3742848.668384
2 -3742848.605435
2 -3742848.37232
2 -3742848.443786
2 -3742848.587538
2 -3742848.461701
2 -3742848.379222
3 -3471610.434443
3 -3471610.447315
3 -3471610.422458
3 -3471610.402091
3 -3471610.426551
3 -3471610.448535
3 -3468583.426253
3 -3468584.085131
3 -3468583.409492
3 -3471610.446004
4 -3204544.726086
4 -3204544.775699
4 -3204544.760235
4 -3204544.782704
4 -3204544.856206
4 -3204544.755802
4 -3204544.820136
4 -3204544.748775
4 -3204544.743559
4 -3204544.742036
5 -3006350.48298
5 -3006350.494632
5 -3083345.109207
5 -3083344.812094
5 -3083345.05252
5 -3006350.496411
5 -3006350.486167
5 -3083344.790751
5 -3006350.597119
5 -3006350.511186
6 -3893337.030321
6 -3893337.220555
6 -3893337.952162
6 -3893337.999497
6 -3893337.959204
6 -3893337.063498
6 -3893337.96552
6 -3893337.98026
6 -3893337.99872
6 -3893337.17813
7 -2779496.863656
7 -2779144.009624
7 -2779496.873344
7 -2779496.885689
7 -2779143.664484
7 -2779143.662275
7 -2779143.664743
7 -2779496.886496
7 -2787692.175379
7 -2779496.877696
8 -2710846.797255
8 -2673927.097762
8 -2673927.177503
8 -2710526.61501
8 -2710526.743927
8 -2710526.620873
8 -2710526.610151
8 -2673927.103449
8 -2727368.670824
8 -2673927.086939
9 -2604971.865434
9 -2605700.887859
9 -2605289.182619
9 -2622075.833584
9 -2622075.763376
9 -2657015.797548
9 -2604971.903884
9 -2659861.039821
9 -2604971.877848
9 -2615771.969812
10 -2551503.727871
10 -2592366.074175
10 -2547567.995862
10 -2551503.714541
10 -2551750.246284
10 -2554233.593794
10 -2554650.472221
10 -2551750.322161
10 -2546837.91084
10 -2547162.671968
11 -2525287.397057
11 -2493685.865565
11 -2532991.614279
11 -2504049.510877
11 -2505457.21718
11 -2501300.044032
11 -2512945.899332
11 -2511123.495584
11 -2504049.540178
11 -2493360.523113
12 -2453869.003321
12 -2468135.40871
12 -2443684.139259
12 -2445926.377677
12 -2444328.359199
12 -2468148.142547
12 -2455346.758153
12 -2452625.532784
12 -2452987.400484
12 -2492147.205819
13 -2402084.992689
13 -2435827.769942
13 -2396315.455604
13 -2423181.301144
13 -2403598.180646
13 -2420309.611133
13 -2403598.522534
13 -2426954.167062
13 -2431996.340542
13 -2415281.328902
14 -2395567.693822
14 -2361251.233567
14 -2356342.537541
14 -2370956.955096
14 -2396163.506307
14 -2363715.072912
14 -2375499.492815
14 -2399179.056221
14 -2386309.450054
14 -2360049.225569
15 -2360829.255315
15 -2355246.264038
15 -2375103.798802
15 -2323739.413704
15 -2332986.129423
15 -2330989.280825
15 -2344028.929313
15 -2347253.134334
15 -2345336.990707
15 -2356999.101952
